lastAccountName: sitapati
timestamps:
  login: 1571720971004
ipAddress: 127.0.0.1
lastlocation:
  world: world
  x: -173.10641166183643
  y: 63.0
  z: 241.69999998807907
  yaw: 0.0
  pitch: 1.0500001
